
PB0:2012,4;2013,7;2014,2;
PB1:*itens sem ano,1;
PB2:2012,2;2013,2;2014,1;
PB3:2013,1;
PB4:2012,17;2013,13;2014,19;
PB5:2012,1;2013,3;2014,4;
PB6:*itens sem ano,12;2012,2;2013,2;2014,1;
PB7:2012,1;2014,1;
PB8:2012,2;2013,2;2014,1;
PT4:2012,4;2013,1;
PT5:2012,2;2013,1;2014,3;
OA2:2013,1;2014,2;
OA4:2009,2;2010,8;2011,3;2012,1;2013,4;2014,4;
OA5:2013,1;2014,12;
OA6:2013,4;2014,12;
OC3:2012,8;
OC4:2012,10;2013,6;2014,5;
OC5:2012,3;2013,1;2014,1;
OC6:2012,10;2013,10;2014,5;
Pm:2012,5;2013,1;2014,2;
Pj:2008,2;2009,2;2010,2;2011,3;2012,4;2013,10;2014,5;
PB:*itens sem ano,13;2012,27;2013,28;2014,28;
OA:2009,2;2010,8;2011,3;2012,1;2013,10;2014,30;
OC:2012,31;2013,17;2014,11;
Ep:*itens sem ano,1;2012,9;2013,14;2014,9;
Eo:2012,1;2013,2;2014,6;