5545891505433768
2342739419247924
9398810362952245
5324041929705364
2509766431540422
1342155623515902
6568073205402062
3641437604001997
0131770792108992
5138799833042314
2420934251315979
8717980588591239
7235951485247158
8788636422042754
6670304965931085
3970891727388929
1247721504657205
9318107181775037
2906049721153618
1675315368809161
7290031573187386
0138023517065135
0447444423694007
1817767231176728
4344660568698232
1838875919713622
0297217008123332
8685746591566082
4028185315409695
9632527229517196
8571722708574643
9739008109076740
8230551395300039
3945457468863985
3148238617605718
1637859392334942
2605934447999302
7992586996463223
4507073071352893
4404958951175349
3725232561617394
8903183021436431
5225021589671179
2377044759133452
3007644116326636
1830250331989097
5877415967509579
9500095790815109
7810321373328408
1750385790843118
1278004515460973
8807333466702951
5948037269019531
3320345967655279
9860200333424680
7602323729778144
0170428647417667
8776038016041917
6585703573283280
7913302545613108
4222504207805706
2236298082077738
6682919653508224
7009155848242355
7082447037374118
6545213253559397
5111623148244343
0941431907587390
6985892121344767
8869840348353359
5818012075167720
4328003866597876
2118391660819227
8031012573259361
3398239861605168
9383290036853173
0483602747631661
3058607234809133
3742302894743620
2249157985559304
3436095483096185
1095193209251351
1259591090948385
9770812218484481
9941033957622231
8607171759049558
6761168163027879
3154345471250570
0646596036246889
7541399131195077
4946185987756278
6025497552190609
2380856454536056
7833556006473564
5529725593221391
5835406030760250
2872064505456567
9319101798473279
9278530641478071
4954414332524750
