
PB0:2012,4;2013,7;2014,3;
PB1:2014,1;
PB2:2012,2;2013,2;2014,1;
PB3:2013,1;
PB4:2012,17;2013,13;2014,23;
PB5:2012,1;2013,3;2014,7;
PB6:*itens sem ano,12;2012,2;2013,2;2014,2;
PB7:2012,1;
PB8:2012,2;2013,2;2014,4;
PT4:2012,4;2013,1;
PT5:2012,2;2013,1;2014,5;
OA2:2013,1;2014,2;
OA4:2009,2;2010,8;2011,3;2012,1;2013,2;2014,7;
OA5:2013,1;2014,13;
OA6:2013,1;2014,16;
OC3:2012,8;
OC4:2012,10;2013,6;2014,9;
OC5:2012,3;2013,1;2014,4;
OC6:2012,11;2013,13;2014,12;
Pm:2012,5;2013,1;2014,2;
Pj:2008,2;2009,2;2010,3;2011,2;2012,4;2013,10;2014,7;
PB:*itens sem ano,12;2012,27;2013,28;2014,37;
OA:2009,2;2010,8;2011,3;2012,1;2013,5;2014,38;
OC:2012,32;2013,20;2014,25;
Ep:*itens sem ano,1;2012,10;2013,15;2014,15;
Eo:2012,2;2013,2;2014,6;